5000
100 0 0
100 0 35
100 0 1
100 0 99
100 0 93
100 0 2
100 0 98
100 0 78
100 0 3
100 0 97
100 0 96
100 0 4
100 0 96
100 0 57
100 100 100
100 100 99
100 35 0
100 35 35
100 35 1
100 35 99
100 35 93
100 35 2
100 35 98
100 35 78
100 35 3
100 35 97
100 35 96
100 35 4
100 35 96
100 35 57
100 1 0
100 1 35
100 1 1
100 1 99
100 1 93
100 1 2
100 1 98
100 1 78
100 1 3
100 1 97
100 1 96
100 1 4
100 1 96
100 1 57
100 99 0
100 99 100
100 99 35
100 99 1
100 99 99
100 99 93
100 99 2
100 99 98
100 99 78
100 99 3
100 99 97
100 99 96
100 99 4
100 99 96
100 99 57
100 93 0
100 93 35
100 93 1
100 93 99
100 93 93
100 93 2
100 93 98
100 93 78
100 93 3
100 93 97
100 93 96
100 93 4
100 93 96
100 93 57
100 2 0
100 2 35
100 2 1
100 2 99
100 2 93
100 2 2
100 2 98
100 2 78
100 2 3
100 2 97
100 2 96
100 2 4
100 2 96
100 2 57
100 98 0
100 98 35
100 98 1
100 98 99
100 98 93
100 98 2
100 98 98
100 98 78
100 98 3
100 98 97
100 98 96
100 98 4
100 98 96
100 98 57
100 78 0
100 78 35
100 78 1
100 78 99
100 78 93
100 78 2
100 78 98
100 78 78
100 78 3
100 78 97
100 78 96
100 78 4
100 78 96
100 78 57
100 3 0
100 3 35
100 3 1
100 3 99
100 3 93
100 3 2
100 3 98
100 3 78
100 3 3
100 3 97
100 3 96
100 3 4
100 3 96
100 3 57
100 97 0
100 97 35
100 97 1
100 97 99
100 97 93
100 97 2
100 97 98
100 97 78
100 97 3
100 97 97
100 97 96
100 97 4
100 97 96
100 97 57
100 96 0
100 96 35
100 96 1
100 96 99
100 96 93
100 96 2
100 96 98
100 96 78
100 96 3
100 96 97
100 96 96
100 96 4
100 96 96
100 96 57
100 4 0
100 4 35
100 4 1
100 4 99
100 4 93
100 4 2
100 4 98
100 4 78
100 4 3
100 4 97
100 4 96
100 4 4
100 4 96
100 4 57
100 96 0
100 96 35
100 96 1
100 96 99
100 96 93
100 96 2
100 96 98
100 96 78
100 96 3
100 96 97
100 96 96
100 96 4
100 96 96
100 96 57
100 57 0
100 57 35
100 57 1
100 57 99
100 57 93
100 57 2
100 57 98
100 57 78
100 57 3
100 57 97
100 57 96
100 57 4
100 57 96
100 57 57
35 0 0
35 0 1
35 0 2
35 0 3
35 0 4
35 100 100
35 100 99
35 35 35
35 1 0
35 1 1
35 1 2
35 1 3
35 1 4
35 99 100
35 99 99
35 99 98
35 93 93
35 2 0
35 2 1
35 2 2
35 2 3
35 2 4
35 98 99
35 98 98
35 98 97
35 78 78
35 3 0
35 3 1
35 3 2
35 3 3
35 3 4
35 97 98
35 97 97
35 97 96
35 97 96
35 96 97
35 96 96
35 96 96
35 4 0
35 4 1
35 4 2
35 4 3
35 4 4
35 96 97
35 96 96
35 96 96
35 57 57
1 0 0
1 0 1
1 100 100
1 100 99
1 35 35
1 1 0
1 1 1
1 1 2
1 99 100
1 99 99
1 99 98
1 93 93
1 2 1
1 2 2
1 2 3
1 98 99
1 98 98
1 98 97
1 78 78
1 3 2
1 3 3
1 3 4
1 97 98
1 97 97
1 97 96
1 97 96
1 96 97
1 96 96
1 96 96
1 4 3
1 4 4
1 96 97
1 96 96
1 96 96
1 57 57
99 0 0
99 0 35
99 0 1
99 0 93
99 0 2
99 0 98
99 0 78
99 0 3
99 0 97
99 0 96
99 0 4
99 0 96
99 0 57
99 100 100
99 100 99
99 35 0
99 35 35
99 35 1
99 35 93
99 35 2
99 35 98
99 35 78
99 35 3
99 35 97
99 35 96
99 35 4
99 35 96
99 35 57
99 1 0
99 1 35
99 1 1
99 1 93
99 1 2
99 1 98
99 1 78
99 1 3
99 1 97
99 1 96
99 1 4
99 1 96
99 1 57
99 99 100
99 99 99
99 99 98
99 93 0
99 93 35
99 93 1
99 93 93
99 93 2
99 93 98
99 93 78
99 93 3
99 93 97
99 93 96
99 93 4
99 93 96
99 93 57
99 2 0
99 2 35
99 2 1
99 2 93
99 2 2
99 2 98
99 2 78
99 2 3
99 2 97
99 2 96
99 2 4
99 2 96
99 2 57
99 98 0
99 98 35
99 98 1
99 98 99
99 98 93
99 98 2
99 98 98
99 98 78
99 98 3
99 98 97
99 98 96
99 98 4
99 98 96
99 98 57
99 78 0
99 78 35
99 78 1
99 78 93
99 78 2
99 78 98
99 78 78
99 78 3
99 78 97
99 78 96
99 78 4
99 78 96
99 78 57
99 3 0
99 3 35
99 3 1
99 3 93
99 3 2
99 3 98
99 3 78
99 3 3
99 3 97
99 3 96
99 3 4
99 3 96
99 3 57
99 97 0
99 97 35
99 97 1
99 97 93
99 97 2
99 97 98
99 97 78
99 97 3
99 97 97
99 97 96
99 97 4
99 97 96
99 97 57
99 96 0
99 96 35
99 96 1
99 96 93
99 96 2
99 96 98
99 96 78
99 96 3
99 96 97
99 96 96
99 96 4
99 96 96
99 96 57
99 4 0
99 4 35
99 4 1
99 4 93
99 4 2
99 4 98
99 4 78
99 4 3
99 4 97
99 4 96
99 4 4
99 4 96
99 4 57
99 96 0
99 96 35
99 96 1
99 96 93
99 96 2
99 96 98
99 96 78
99 96 3
99 96 97
99 96 96
99 96 4
99 96 96
99 96 57
99 57 0
99 57 35
99 57 1
99 57 93
99 57 2
99 57 98
99 57 78
99 57 3
99 57 97
99 57 96
99 57 4
99 57 96
99 57 57
93 0 0
93 0 35
93 0 1
93 0 2
93 0 78
93 0 3
93 0 4
93 0 57
93 100 100
93 100 99
93 35 0
93 35 35
93 35 1
93 35 2
93 35 78
93 35 3
93 35 4
93 35 57
93 1 0
93 1 35
93 1 1
93 1 2
93 1 78
93 1 3
93 1 4
93 1 57
93 99 100
93 99 99
93 99 98
93 93 93
93 2 0
93 2 35
93 2 1
93 2 2
93 2 78
93 2 3
93 2 4
93 2 57
93 98 99
93 98 98
93 98 97
93 78 0
93 78 35
93 78 1
93 78 2
93 78 78
93 78 3
93 78 4
93 78 57
93 3 0
93 3 35
93 3 1
93 3 2
93 3 78
93 3 3
93 3 4
93 3 57
93 97 98
93 97 97
93 97 96
93 97 96
93 96 97
93 96 96
93 96 96
93 4 0
93 4 35
93 4 1
93 4 2
93 4 78
93 4 3
93 4 4
93 4 57
93 96 97
93 96 96
93 96 96
93 57 0
93 57 35
93 57 1
93 57 2
93 57 78
93 57 3
93 57 4
93 57 57
2 0 0
2 0 1
2 100 100
2 100 99
2 35 35
2 1 0
2 1 1
2 1 2
2 99 100
2 99 99
2 99 98
2 93 93
2 2 1
2 2 2
2 2 3
2 98 99
2 98 98
2 98 97
2 78 78
2 3 2
2 3 3
2 3 4
2 97 98
2 97 97
2 97 96
2 97 96
2 96 97
2 96 96
2 96 96
2 4 3
2 4 4
2 96 97
2 96 96
2 96 96
2 57 57
98 0 0
98 0 35
98 0 1
98 0 93
98 0 2
98 0 78
98 0 3
98 0 97
98 0 96
98 0 4
98 0 96
98 0 57
98 100 100
98 100 99
98 35 0
98 35 35
98 35 1
98 35 93
98 35 2
98 35 78
98 35 3
98 35 97
98 35 96
98 35 4
98 35 96
98 35 57
98 1 0
98 1 35
98 1 1
98 1 93
98 1 2
98 1 78
98 1 3
98 1 97
98 1 96
98 1 4
98 1 96
98 1 57
98 99 100
98 99 99
98 99 98
98 93 0
98 93 35
98 93 1
98 93 93
98 93 2
98 93 78
98 93 3
98 93 97
98 93 96
98 93 4
98 93 96
98 93 57
98 2 0
98 2 35
98 2 1
98 2 93
98 2 2
98 2 78
98 2 3
98 2 97
98 2 96
98 2 4
98 2 96
98 2 57
98 98 99
98 98 98
98 98 97
98 78 0
98 78 35
98 78 1
98 78 93
98 78 2
98 78 78
98 78 3
98 78 97
98 78 96
98 78 4
98 78 96
98 78 57
98 3 0
98 3 35
98 3 1
98 3 93
98 3 2
98 3 78
98 3 3
98 3 97
98 3 96
98 3 4
98 3 96
98 3 57
98 97 0
98 97 35
98 97 1
98 97 93
98 97 2
98 97 98
98 97 78
98 97 3
98 97 97
98 97 96
98 97 4
98 97 96
98 97 57
98 96 0
98 96 35
98 96 1
98 96 93
98 96 2
98 96 78
98 96 3
98 96 97
98 96 96
98 96 4
98 96 96
98 96 57
98 4 0
98 4 35
98 4 1
98 4 93
98 4 2
98 4 78
98 4 3
98 4 97
98 4 96
98 4 4
98 4 96
98 4 57
98 96 0
98 96 35
98 96 1
98 96 93
98 96 2
98 96 78
98 96 3
98 96 97
98 96 96
98 96 4
98 96 96
98 96 57
98 57 0
98 57 35
98 57 1
98 57 93
98 57 2
98 57 78
98 57 3
98 57 97
98 57 96
98 57 4
98 57 96
98 57 57
78 0 0
78 0 35
78 0 1
78 0 2
78 0 3
78 0 4
78 0 57
78 100 100
78 100 99
78 35 0
78 35 35
78 35 1
78 35 2
78 35 3
78 35 4
78 35 57
78 1 0
78 1 35
78 1 1
78 1 2
78 1 3
78 1 4
78 1 57
78 99 100
78 99 99
78 99 98
78 93 93
78 2 0
78 2 35
78 2 1
78 2 2
78 2 3
78 2 4
78 2 57
78 98 99
78 98 98
78 98 97
78 78 78
78 3 0
78 3 35
78 3 1
78 3 2
78 3 3
78 3 4
78 3 57
78 97 98
78 97 97
78 97 96
78 97 96
78 96 97
78 96 96
78 96 96
78 4 0
78 4 35
78 4 1
78 4 2
78 4 3
78 4 4
78 4 57
78 96 97
78 96 96
78 96 96
78 57 0
78 57 35
78 57 1
78 57 2
78 57 3
78 57 4
78 57 57
3 0 0
3 0 1
3 0 2
3 100 100
3 100 99
3 35 35
3 1 0
3 1 1
3 1 2
3 99 100
3 99 99
3 99 98
3 93 93
3 2 0
3 2 1
3 2 2
3 2 3
3 98 99
3 98 98
3 98 97
3 78 78
3 3 2
3 3 3
3 3 4
3 97 98
3 97 97
3 97 96
3 97 96
3 96 97
3 96 96
3 96 96
3 4 3
3 4 4
3 96 97
3 96 96
3 96 96
3 57 57
97 0 0
97 0 35
97 0 1
97 0 93
97 0 2
97 0 78
97 0 3
97 0 96
97 0 4
97 0 96
97 0 57
97 100 100
97 100 99
97 35 0
97 35 35
97 35 1
97 35 93
97 35 2
97 35 78
97 35 3
97 35 96
97 35 4
97 35 96
97 35 57
97 1 0
97 1 35
97 1 1
97 1 93
97 1 2
97 1 78
97 1 3
97 1 96
97 1 4
97 1 96
97 1 57
97 99 100
97 99 99
97 99 98
97 93 0
97 93 35
97 93 1
97 93 93
97 93 2
97 93 78
97 93 3
97 93 96
97 93 4
97 93 96
97 93 57
97 2 0
97 2 35
97 2 1
97 2 93
97 2 2
97 2 78
97 2 3
97 2 96
97 2 4
97 2 96
97 2 57
97 98 99
97 98 98
97 98 97
97 78 0
97 78 35
97 78 1
97 78 93
97 78 2
97 78 78
97 78 3
97 78 96
97 78 4
97 78 96
97 78 57
97 3 0
97 3 35
97 3 1
97 3 93
97 3 2
97 3 78
97 3 3
97 3 96
97 3 4
97 3 96
97 3 57
97 97 98
97 97 97
97 97 96
97 97 96
97 96 0
97 96 35
97 96 1
97 96 93
97 96 2
97 96 78
97 96 3
97 96 97
97 96 96
97 96 4
97 96 96
97 96 57
97 4 0
97 4 35
97 4 1
97 4 93
97 4 2
97 4 78
97 4 3
97 4 96
97 4 4
97 4 96
97 4 57
97 96 0
97 96 35
97 96 1
97 96 93
97 96 2
97 96 78
97 96 3
97 96 97
97 96 96
97 96 4
97 96 96
97 96 57
97 57 0
97 57 35
97 57 1
97 57 93
97 57 2
97 57 78
97 57 3
97 57 96
97 57 4
97 57 96
97 57 57
96 0 0
96 0 35
96 0 1
96 0 93
96 0 2
96 0 78
96 0 3
96 0 4
96 0 57
96 100 100
96 100 99
96 35 0
96 35 35
96 35 1
96 35 93
96 35 2
96 35 78
96 35 3
96 35 4
96 35 57
96 1 0
96 1 35
96 1 1
96 1 93
96 1 2
96 1 78
96 1 3
96 1 4
96 1 57
96 99 100
96 99 99
96 99 98
96 93 0
96 93 35
96 93 1
96 93 93
96 93 2
96 93 78
96 93 3
96 93 4
96 93 57
96 2 0
96 2 35
96 2 1
96 2 93
96 2 2
96 2 78
96 2 3
96 2 4
96 2 57
96 98 99
96 98 98
96 98 97
96 78 0
96 78 35
96 78 1
96 78 93
96 78 2
96 78 78
96 78 3
96 78 4
96 78 57
96 3 0
96 3 35
96 3 1
96 3 93
96 3 2
96 3 78
96 3 3
96 3 4
96 3 57
96 97 98
96 97 97
96 97 96
96 97 96
96 96 97
96 96 96
96 96 96
96 4 0
96 4 35
96 4 1
96 4 93
96 4 2
96 4 78
96 4 3
96 4 4
96 4 57
96 96 97
96 96 96
96 96 96
96 57 0
96 57 35
96 57 1
96 57 93
96 57 2
96 57 78
96 57 3
96 57 4
96 57 57
4 0 0
4 0 1
4 0 2
4 0 3
4 100 100
4 100 99
4 35 35
4 1 0
4 1 1
4 1 2
4 1 3
4 99 100
4 99 99
4 99 98
4 93 93
4 2 0
4 2 1
4 2 2
4 2 3
4 98 99
4 98 98
4 98 97
4 78 78
4 3 0
4 3 1
4 3 2
4 3 3
4 3 4
4 97 98
4 97 97
4 97 96
4 97 96
4 96 97
4 96 96
4 96 96
4 4 3
4 4 4
4 96 97
4 96 96
4 96 96
4 57 57
96 0 0
96 0 35
96 0 1
96 0 93
96 0 2
96 0 78
96 0 3
96 0 4
96 0 57
96 100 100
96 100 99
96 35 0
96 35 35
96 35 1
96 35 93
96 35 2
96 35 78
96 35 3
96 35 4
96 35 57
96 1 0
96 1 35
96 1 1
96 1 93
96 1 2
96 1 78
96 1 3
96 1 4
96 1 57
96 99 100
96 99 99
96 99 98
96 93 0
96 93 35
96 93 1
96 93 93
96 93 2
96 93 78
96 93 3
96 93 4
96 93 57
96 2 0
96 2 35
96 2 1
96 2 93
96 2 2
96 2 78
96 2 3
96 2 4
96 2 57
96 98 99
96 98 98
96 98 97
96 78 0
96 78 35
96 78 1
96 78 93
96 78 2
96 78 78
96 78 3
96 78 4
96 78 57
96 3 0
96 3 35
96 3 1
96 3 93
96 3 2
96 3 78
96 3 3
96 3 4
96 3 57
96 97 98
96 97 97
96 97 96
96 97 96
96 96 97
96 96 96
96 96 96
96 4 0
96 4 35
96 4 1
96 4 93
96 4 2
96 4 78
96 4 3
96 4 4
96 4 57
96 96 97
96 96 96
96 96 96
96 57 0
96 57 35
96 57 1
96 57 93
96 57 2
96 57 78
96 57 3
96 57 4
96 57 57
57 0 0
57 0 35
57 0 1
57 0 2
57 0 3
57 0 4
57 100 100
57 100 99
57 35 0
57 35 35
57 35 1
57 35 2
57 35 3
57 35 4
57 1 0
57 1 35
57 1 1
57 1 2
57 1 3
57 1 4
57 99 100
57 99 99
57 99 98
57 93 93
57 2 0
57 2 35
57 2 1
57 2 2
57 2 3
57 2 4
57 98 99
57 98 98
57 98 97
57 78 78
57 3 0
57 3 35
57 3 1
57 3 2
57 3 3
57 3 4
57 97 98
57 97 97
57 97 96
57 97 96
57 96 97
57 96 96
57 96 96
57 4 0
57 4 35
57 4 1
57 4 2
57 4 3
57 4 4
57 96 97
57 96 96
57 96 96
57 57 57
90 75 3
100 2 0
96 53 18
25 19 18
68 17 0
47 34 0
61 27 0
93 41 92
68 3 15
84 72 0
95 1 24
100 8 0
100 33 19
36 27 0
81 77 30
78 48 3
73 67 47
78 15 55
82 59 70
45 41 38
100 82 39
83 64 0
92 55 0
76 69 0
86 32 47
79 44 40
98 63 44
23 17 0
70 46 13
83 31 24
88 56 0
93 29 0
97 43 29
26 17 0
79 38 0
96 47 32
87 73 4
75 19 62
77 59 0
91 85 27
95 85 0
66 63 0
85 75 23
87 85 44
96 22 87
13 3 0
92 65 0
90 84 66
95 57 85
81 71 71
80 25 0
31 13 16
46 45 27
23 19 17
89 27 75
32 21 0
80 22 61
90 63 8
89 73 0
88 28 78
55 31 0
93 42 29
80 5 0
59 52 49
74 40 36
91 87 0
35 3 8
93 59 0
96 5 26
57 32 0
93 58 58
76 48 57
54 22 18
85 34 33
92 39 65
44 40 0
95 40 15
98 85 0
46 44 35
55 25 0
88 21 68
62 1 0
60 48 0
88 84 52
69 29 0
54 45 29
55 23 50
21 5 0
84 22 0
92 26 0
77 6 0
95 89 2
65 7 0
4 2 0
80 6 29
81 63 0
52 16 19
94 22 0
78 77 37
74 21 0
93 20 0
81 55 0
68 19 1
68 29 57
87 14 65
90 75 66
84 7 4
96 67 1
96 49 89
75 32 1
90 86 0
96 40 10
88 9 55
50 37 39
91 73 0
77 75 41
82 71 0
96 57 75
93 3 48
85 64 22
60 25 17
87 83 33
75 26 15
60 30 54
82 40 0
65 22 48
78 36 0
83 8 43
91 29 50
77 66 51
97 1 75
59 58 12
98 14 83
37 13 5
74 7 6
58 46 22
69 43 0
57 1 0
74 61 12
88 1 49
76 45 0
95 84 74
95 67 85
98 83 0
27 26 2
73 64 56
91 67 90
95 69 80
73 70 44
46 31 0
91 71 83
97 8 76
76 68 0
78 32 2
77 29 5
43 8 0
44 14 27
81 34 29
42 31 5
44 15 0
66 12 1
30 19 0
95 33 27
86 60 0
50 12 41
91 49 0
59 19 0
82 10 12
82 63 0
86 24 73
88 14 49
100 6 10
28 11 0
94 63 58
84 26 0
80 38 0
61 2 49
65 60 0
47 6 45
96 89 31
65 0 27
77 21 67
47 5 22
95 93 0
12 9 0
59 31 11
92 13 63
50 29 32
78 62 43
93 31 0
1 0 0
57 44 0
86 30 37
69 16 8
66 4 64
88 0 26
46 31 34
85 81 75
92 81 51
98 25 31
96 0 56
95 30 0
91 68 33
78 26 35
93 53 68
83 31 0
91 31 60
13 59 60
95 17 17
95 37 0
84 24 9
63 14 0
70 46 27
43 11 0
55 82 83
76 17 63
56 20 0
76 18 43
42 10 0
31 26 0
15 88 88
84 34 0
87 59 16
26 25 0
19 92 91
98 26 0
60 9 48
36 19 24
92 58 84
48 50 51
54 9 0
40 9 12
50 34 29
17 4 15
20 17 0
75 73 0
14 11 0
76 57 49
42 40 0
94 65 81
83 10 0
96 12 41
63 31 23
67 58 0
47 34 33
88 42 6
71 70 9
99 87 0
37 2 0
87 19 43
74 18 39
94 39 23
74 69 23
46 19 20
83 62 52
97 29 0
16 4 0
100 34 0
69 67 3
80 18 22
87 79 0
61 0 0
83 27 3
63 13 35
19 69 68
50 18 0
97 66 70
44 30 0
85 58 56
75 14 2
82 53 74
94 74 15
73 43 8
94 81 32
95 60 26
90 38 32
56 14 13
67 61 65
64 1 0
78 53 76
74 72 0
83 65 32
24 7 0
81 47 0
73 16 0
48 29 0
52 50 17
84 50 0
78 2 0
69 62 11
77 58 4
86 40 85
59 9 25
93 7 81
63 26 0
48 38 26
89 62 0
63 45 0
92 10 52
94 6 0
45 13 11
93 92 63
62 17 10
51 25 0
59 52 0
80 51 0
56 15 0
73 58 39
76 5 36
25 18 0
45 2 0
95 68 14
62 37 0
57 29 54
69 14 46
67 58 0
63 25 50
88 19 0
95 26 38
54 12 5
47 45 28
71 26 0
90 57 2
69 14 66
89 16 0
76 40 53
100 7 0
100 25 2
81 45 0
85 60 50
86 37 0
71 6 59
23 50 50
73 8 8
18 15 0
83 0 66
55 27 0
24 87 88
77 20 0
65 45 0
65 18 31
83 42 73
94 44 50
57 45 0
59 42 58
85 20 52
84 40 22
60 11 54
75 62 36
91 82 57
74 3 69
86 11 78
59 36 0
52 23 35
80 34 21
58 43 0
98 56 95
71 69 56
99 98 77
77 30 0
86 47 20
96 24 24
60 11 49
56 27 15
88 79 33
62 30 32
97 32 76
71 18 0
58 19 0
78 46 0
92 11 76
65 13 0
81 66 7
80 38 0
95 26 86
93 42 0
67 51 48
47 18 0
96 71 42
74 30 71
60 19 0
66 86 85
98 53 36
98 6 74
54 33 17
70 16 42
75 68 37
92 62 25
64 54 18
19 66 66
79 53 50
90 64 76
88 4 0
98 13 0
63 4 34
82 78 69
83 45 53
67 58 2
91 73 0
69 56 52
47 12 0
79 37 61
85 24 0
78 38 8
75 65 0
45 26 41
100 15 0
67 14 7
96 5 8
78 62 0
84 35 76
90 61 24
93 27 8
89 30 58
90 41 0
67 41 7
86 35 52
42 17 29
100 55 21
65 50 0
84 53 0
95 14 35
32 21 0
69 55 0
100 45 52
96 24 77
90 80 0
80 35 0
78 40 49
100 3 43
84 47 78
94 26 0
70 45 28
77 31 1
69 6 6
81 77 35
56 9 54
79 67 48
48 40 47
78 20 27
100 6 24
70 24 13
45 0 37
64 12 5
80 0 43
59 18 29
94 2 32
63 17 7
84 19 0
66 34 6
72 56 0
87 53 57
63 35 2
90 78 6
98 33 0
49 3 47
68 14 50
86 43 63
71 53 46
51 26 4
57 6 0
93 84 0
77 25 53
82 7 78
68 6 0
97 92 55
73 28 0
69 41 67
99 27 0
87 84 0
96 49 0
98 60 70
83 79 0
69 37 0
74 17 18
95 18 1
95 41 0
44 18 0
89 17 32
65 55 27
83 48 79
60 31 51
90 29 0
60 25 44
65 24 4
94 71 5
95 57 56
34 25 32
98 11 13
97 67 85
94 40 0
59 7 0
64 30 24
96 78 90
1 37 38
82 10 0
63 41 0
98 11 95
99 21 18
77 57 58
74 62 69
74 21 71
98 63 51
58 1 30
42 30 36
35 24 0
98 45 91
54 35 0
99 37 98
94 12 0
79 77 0
94 86 0
99 76 75
76 70 21
71 27 0
67 3 56
79 73 75
92 76 67
64 50 0
30 19 0
70 9 0
84 58 65
73 60 0
73 26 0
81 53 70
74 41 26
96 44 0
70 68 40
84 28 52
96 66 4
77 95 96
99 52 50
100 62 70
53 17 0
91 71 39
87 63 56
52 8 0
77 64 73
76 3 0
93 12 0
60 46 50
62 40 49
70 41 0
64 4 0
95 67 94
97 58 10
51 79 79
97 95 0
70 9 0
68 60 34
92 9 8
99 98 0
100 4 0
74 13 0
46 33 18
62 44 18
22 14 0
42 19 21
80 79 40
57 33 27
84 56 37
58 13 13
86 64 0
41 5 2
47 21 0
94 90 24
51 31 2
69 10 53
88 23 16
88 87 46
97 48 0
87 79 0
94 45 35
61 1 35
70 34 26
46 14 1
92 71 85
56 42 0
96 44 54
82 21 73
87 77 0
96 55 26
89 1 0
55 37 22
62 58 51
92 80 0
80 62 69
95 54 71
51 42 0
35 3 0
95 42 0
4 81 80
85 22 11
80 51 63
68 38 26
63 55 0
38 20 0
96 22 35
82 1 67
70 5 0
50 10 2
84 79 0
74 57 0
94 31 0
87 31 0
84 40 0
70 1 54
61 55 0
89 86 0
100 53 22
82 29 66
44 4 0
77 52 28
84 81 8
77 51 0
61 39 59
61 1 35
7 3 0
65 13 48
66 54 29
44 84 85
86 46 19
53 15 51
41 39 0
73 17 30
50 29 0
29 8 2
83 27 0
97 61 55
83 43 40
98 77 87
98 9 58
56 39 0
41 43 44
97 91 33
43 37 32
71 30 21
81 76 0
44 43 0
79 29 38
42 33 0
47 3 29
94 45 8
71 22 33
75 21 61
85 9 13
67 66 0
38 3 0
81 67 22
57 1 33
88 66 87
47 13 0
94 81 53
95 20 81
93 83 39
32 27 0
74 50 17
63 9 46
9 2 2
63 54 0
60 9 39
86 32 47
73 47 0
96 75 61
51 19 0
49 22 0
99 54 80
88 56 0
89 38 10
95 94 0
50 40 0
58 86 85
82 78 59
91 84 22
86 69 22
87 42 76
82 25 55
65 32 60
98 13 29
84 74 0
79 0 45
99 55 93
97 85 48
80 75 0
64 39 0
16 8 0
84 72 0
60 9 7
11 98 97
78 3 35
88 6 0
90 10 81
84 61 53
78 77 57
37 26 12
100 74 12
87 41 55
90 77 74
67 38 57
66 63 41
71 0 60
84 72 0
93 8 64
86 71 0
90 76 29
89 14 0
91 85 27
75 27 32
97 10 37
88 53 48
19 3 0
60 47 49
96 46 72
100 37 8
26 1 21
14 10 13
90 35 17
37 81 80
44 27 0
29 10 0
96 53 80
94 6 0
88 42 80
41 8 0
13 7 0
100 71 36
96 8 90
57 19 0
43 7 29
78 1 0
86 85 0
94 15 40
65 37 11
87 42 0
40 9 1
62 58 59
83 64 16
86 70 49
48 15 0
77 15 65
47 23 8
91 23 51
73 60 23
43 19 37
88 83 83
97 47 4
64 33 56
51 18 31
78 20 0
91 5 7
67 20 34
73 9 6
63 6 0
15 10 0
57 40 37
88 19 9
64 46 42
82 9 27
53 0 0
31 27 12
45 3 0
66 37 8
94 59 0
90 13 19
97 19 91
87 63 30
49 2 19
60 28 58
72 38 0
79 24 0
70 55 0
85 55 28
87 55 30
78 29 49
24 21 17
19 34 33
64 12 61
79 78 49
80 35 7
46 29 23
94 58 0
59 24 56
36 8 4
25 4 0
52 31 27
96 77 92
66 55 0
94 70 93
74 59 0
68 30 0
95 14 23
51 27 28
45 17 10
72 54 0
100 98 34
99 42 1
93 63 0
25 3 20
91 71 0
74 15 49
40 3 11
93 2 72
46 25 22
97 24 84
70 11 28
81 47 0
69 46 12
86 64 0
75 61 68
69 18 5
62 4 37
55 30 0
70 17 1
87 0 42
61 5 28
37 19 1
56 11 37
38 19 0
100 46 0
69 3 33
96 65 40
78 27 0
73 98 99
74 59 66
42 15 0
47 14 0
57 28 13
97 0 3
39 9 0
58 35 0
78 31 72
73 14 61
81 61 0
85 18 27
85 49 30
38 9 10
80 48 0
84 54 6
61 24 0
52 25 0
90 85 0
99 40 0
84 39 62
99 40 82
87 76 0
78 25 0
89 40 67
99 63 0
89 6 70
75 37 64
70 26 38
95 10 55
55 32 22
83 10 0
97 35 65
76 48 24
98 72 62
89 61 61
26 1 23
94 46 8
44 35 0
35 12 0
66 39 24
44 31 36
27 9 25
91 37 57
65 18 0
49 31 45
79 22 23
61 52 52
100 48 1
66 65 0
62 0 33
98 83 0
83 48 74
100 16 9
73 19 56
85 27 0
82 43 65
83 39 26
64 32 0
20 18 0
67 26 57
79 42 5
81 20 80
64 51 19
47 58 59
86 45 0
14 1 0
87 55 74
62 67 67
87 55 0
34 28 0
78 6 0
74 26 44
86 41 0
87 26 42
37 30 0
74 71 14
78 77 46
83 10 43
95 40 0
96 45 81
97 5 77
68 38 0
93 8 7
47 7 1
93 62 64
36 4 0
67 55 7
90 43 58
56 30 29
89 46 61
76 32 0
72 41 0
54 9 0
79 2 37
90 35 57
83 62 21
87 47 0
73 25 0
88 11 12
96 8 38
62 22 35
35 20 31
94 62 0
79 39 0
83 63 42
94 51 0
74 25 23
65 9 0
86 81 45
89 58 22
86 70 73
94 68 9
94 92 39
37 30 0
79 74 0
64 60 31
82 27 0
40 27 0
89 29 40
58 18 7
92 14 28
40 41 41
88 39 64
59 23 42
79 45 0
73 42 56
78 23 50
25 19 0
88 80 15
92 53 79
59 50 0
65 47 32
78 51 0
67 42 26
87 70 41
62 20 0
64 28 1
86 75 78
17 9 14
98 10 26
40 28 0
48 22 0
52 35 0
74 0 55
83 81 36
99 44 70
34 25 0
49 21 0
94 9 67
27 9 3
98 24 71
25 95 95
58 16 8
65 7 26
53 48 48
84 58 0
73 66 0
96 79 58
73 30 36
36 30 0
24 14 0
6 2 0
89 34 21
59 57 14
79 0 27
35 22 31
62 26 0
65 19 0
86 80 64
83 24 31
81 19 34
53 18 0
88 46 60
91 17 83
53 33 0
52 34 33
67 35 39
67 63 0
90 48 0
45 32 0
80 58 0
80 49 11
84 45 72
33 32 0
91 63 77
56 50 29
39 24 0
68 6 44
69 30 45
92 76 79
85 10 59
48 42 21
58 30 16
77 44 10
84 79 21
77 43 27
85 54 36
45 40 12
81 76 33
62 17 26
79 56 2
53 11 0
6 1 0
91 43 0
90 78 0
88 10 0
97 2 0
97 12 96
54 19 0
86 65 61
97 84 8
80 12 79
94 17 86
11 79 80
53 18 22
66 8 0
96 72 68
60 21 48
45 24 0
75 19 18
81 50 71
81 73 0
21 6 0
37 28 27
32 6 0
38 33 0
19 0 0
58 22 0
68 8 0
94 59 70
64 1 4
38 22 11
5 3 0
100 55 95
54 3 0
22 12 0
95 80 0
88 86 0
31 6 30
100 38 75
72 52 56
100 34 0
72 13 50
94 7 0
54 0 0
51 30 0
66 24 0
54 53 53
81 22 0
85 28 19
88 3 46
79 0 70
98 22 0
7 98 97
88 80 74
89 49 50
45 20 0
57 31 55
94 45 65
82 46 0
65 28 0
80 64 38
99 19 56
95 8 10
84 60 0
91 74 0
59 34 6
99 66 62
84 2 35
54 17 52
54 36 7
70 67 11
90 19 14
85 84 0
88 59 70
82 40 0
98 0 74
54 9 0
96 16 66
69 19 39
80 11 13
98 48 16
40 12 0
91 18 0
68 5 25
38 8 10
80 32 0
79 14 41
94 10 0
80 55 35
4 35 36
68 12 41
82 26 73
31 30 0
81 73 36
76 43 62
64 9 0
65 63 0
77 70 22
38 32 0
83 57 39
33 0 0
81 4 0
43 24 0
63 3 60
85 78 62
99 61 75
81 47 0
57 52 5
90 17 13
81 32 60
85 56 75
85 23 67
44 41 41
95 20 93
95 51 16
82 14 58
89 30 0
85 18 32
67 12 52
75 70 64
71 29 54
61 40 0
42 34 0
55 14 0
47 40 4
72 8 0
82 75 4
59 41 0
94 73 21
80 4 0
77 76 32
97 93 19
87 38 32
86 15 35
43 28 9
88 23 54
99 71 0
64 13 0
60 3 0
21 5 13
67 36 48
63 0 45
85 9 0
91 78 47
80 29 0
52 45 30
93 44 48
72 0 23
95 84 0
56 37 0
39 7 0
83 15 21
65 57 35
80 69 77
81 18 0
95 85 34
58 48 0
64 62 14
75 25 73
73 0 67
64 9 31
79 39 0
91 85 0
94 57 0
98 38 0
62 11 0
8 14 15
95 21 39
90 78 41
100 35 38
11 4 9
99 15 24
69 63 10
78 37 64
60 4 0
51 31 37
98 23 75
88 8 6
73 36 0
71 47 36
85 46 23
76 70 0
79 32 2
86 37 0
51 20 30
100 85 8
70 37 0
92 17 33
96 92 0
93 83 12
31 97 96
30 11 29
92 13 0
89 81 0
62 50 38
60 2 47
87 50 63
42 16 1
90 59 0
47 19 4
92 9 22
82 40 38
15 4 0
87 15 78
69 16 0
77 15 11
42 16 0
92 45 57
23 15 13
83 27 65
83 32 41
76 65 0
79 55 0
58 40 0
86 0 69
77 45 0
54 46 13
98 86 0
40 2 0
87 19 58
98 14 41
35 98 99
10 2 0
89 42 0
72 30 6
94 11 53
62 36 0
82 30 10
54 42 49
79 36 44
62 35 38
86 20 21
17 6 16
90 59 0
88 1 44
57 23 24
98 71 19
96 3 41
61 10 0
96 77 25
86 74 77
40 21 0
82 17 21
52 25 0
56 23 0
75 6 34
93 55 69
93 2 25
77 65 49
85 15 0
41 16 0
97 20 43
62 53 37
87 64 63
30 22 24
56 10 36
99 33 93
93 53 92
38 17 28
79 7 0
50 8 22
68 28 60
75 66 59
96 84 44
91 48 43
37 15 24
100 84 54
77 69 61
83 20 7
96 44 0
66 54 0
65 21 0
20 73 72
93 75 12
99 2 0
91 26 39
81 80 0
97 77 91
95 18 28
99 4 97
83 82 0
70 27 69
95 80 0
96 93 88
55 23 45
34 50 49
84 68 52
69 56 40
42 11 13
71 11 35
94 44 86
81 54 0
58 8 0
77 14 0
89 14 64
67 32 22
99 66 15
76 69 59
58 2 13
64 54 15
92 5 54
81 32 10
61 42 0
42 4 31
96 25 16
78 71 45
77 50 59
63 33 8
82 71 0
81 21 11
86 5 16
70 30 13
73 54 0
91 15 57
67 65 0
90 18 39
60 22 35
93 39 32
82 72 0
87 35 0
18 14 2
63 61 9
96 83 50
44 17 23
78 0 65
81 45 0
39 10 0
23 2 0
97 7 67
42 32 0
47 13 0
60 51 3
62 48 0
88 14 40
41 36 1
91 36 77
88 33 38
60 5 18
61 21 54
85 56 2
94 25 0
81 34 9
41 32 0
81 78 26
54 46 15
38 12 0
93 2 18
83 51 0
20 4 5
69 71 72
68 54 62
68 31 12
96 59 93
39 7 6
90 23 24
60 29 51
72 49 1
99 73 92
85 25 10
88 78 0
87 12 0
97 28 81
43 19 0
94 57 15
95 13 0
100 51 73
96 10 0
97 94 0
89 57 68
90 3 14
54 44 53
39 3 27
96 86 92
56 40 46
87 21 77
77 16 53
99 50 0
72 9 6
67 0 5
51 41 0
34 29 18
95 20 54
99 35 67
65 33 7
54 27 20
55 42 13
99 73 95
90 89 9
71 10 10
86 82 55
95 15 40
41 20 37
81 36 19
75 39 57
34 43 42
70 64 0
75 58 70
84 5 8
82 7 0
96 32 0
26 18 0
97 90 0
100 87 31
67 3 0
82 41 47
95 68 57
100 11 37
84 39 25
67 7 0
78 41 65
82 52 9
100 74 0
49 39 0
72 43 34
99 89 90
56 32 0
93 25 86
97 92 26
39 21 0
38 36 25
99 91 0
98 36 9
64 57 0
90 84 26
63 24 0
94 92 10
19 71 71
99 6 85
38 78 77
64 20 6
81 74 0
58 44 36
33 4 0
71 44 0
91 3 0
84 59 80
91 51 0
55 20 0
17 42 42
85 62 0
88 33 0
99 2 58
78 32 75
76 60 0
41 11 0
97 80 74
77 3 59
97 28 1
84 19 77
88 42 0
47 32 0
71 22 29
72 53 7
2 1 0
62 17 5
73 46 11
61 1 6
72 65 25
84 45 40
84 18 35
97 72 29
98 75 62
25 1 0
99 48 77
84 44 69
86 35 0
80 18 71
80 75 39
54 21 28
84 52 77
35 23 22
77 36 28
56 29 50
92 29 45
39 16 0
54 10 0
82 24 70
61 49 59
82 1 81
75 32 60
97 10 20
59 38 52
76 49 0
74 3 0
93 21 75
94 19 75
43 4 14
98 62 86
84 49 9
86 20 73
82 58 56
36 33 0
99 85 59
87 76 0
96 13 0
96 79 22
68 49 0
86 45 39
73 72 0
75 54 66
92 37 36
87 90 90
74 5 0
89 5 9
91 44 90
85 69 0
13 11 0
88 14 45
87 61 23
67 29 18
72 15 56
65 33 23
97 53 8
57 47 7
84 60 0
93 56 81
89 46 0
73 16 34
90 62 0
24 6 0
87 33 43
77 20 53
61 31 38
89 8 0
9 4 0
28 25 0
100 51 1
58 43 0
16 16 16
100 7 65
94 6 33
98 76 0
75 13 47
30 26 0
82 72 13
87 5 29
83 65 27
59 5 13
52 40 33
92 55 0
89 53 36
64 16 19
82 69 15
59 31 0
86 60 0
19 68 67
88 19 41
90 42 15
83 17 46
95 72 75
81 8 7
63 20 0
79 16 18
77 32 0
64 11 0
86 25 28
76 72 51
77 18 0
93 16 42
98 12 0
40 24 14
84 28 79
91 22 0
89 83 0
96 63 35
63 17 0
44 16 43
16 11 0
33 30 0
63 61 0
72 1 0
18 3 0
96 19 37
88 13 76
66 5 0
25 16 22
65 26 46
55 50 24
100 21 15
77 40 71
90 5 81
81 76 0
80 53 75
43 22 28
70 7 2
67 45 0
57 12 0
71 69 18
63 4 0
80 99 99
69 11 61
19 98 97
86 44 0
88 60 71
71 29 17
25 16 0
59 39 0
95 69 30
77 0 70
97 5 78
61 14 23
74 69 25
49 11 15
97 73 0
46 44 44
89 77 21
91 21 21
93 77 70
77 65 0
44 39 16
60 41 29
98 39 0
99 77 0
23 15 0
87 73 0
79 71 54
94 6 0
79 58 61
100 7 0
60 41 55
79 27 40
14 1 7
56 32 19
92 61 15
42 29 0
87 30 43
99 97 0
63 4 23
72 59 2
59 36 52
46 18 5
37 60 61
81 28 28
40 23 0
18 14 8
95 40 0
78 66 62
41 18 0
33 6 5
58 30 0
70 55 32
91 58 50
100 43 80
69 37 66
93 79 89
63 3 37
97 7 71
84 72 28
79 50 48
100 47 83
86 45 0
79 90 91
50 47 35
54 30 32
9 80 81
70 66 0
67 59 40
100 15 91
81 6 71
75 69 53
44 33 0
85 76 13
57 8 1
60 36 0
94 75 0
97 84 0
89 56 11
45 14 0
90 73 75
37 19 0
83 2 40
90 78 47
72 48 0
82 75 0
73 8 70
54 48 0
74 86 87
91 81 38
93 11 83
94 53 76
39 29 0
78 12 22
71 46 26
42 23 27
27 96 97
91 25 76
34 9 9
84 19 4
98 55 63
75 39 0
52 45 24
94 18 6
84 64 6
91 70 4
89 44 0
95 79 47
84 64 12
51 40 16
91 40 89
53 44 0
84 56 61
77 100 99
73 36 0
85 25 74
99 75 0
95 25 50
99 11 98
69 39 0
72 69 63
61 3 0
49 6 0
61 22 12
78 35 2
79 54 26
14 98 98
51 43 43
91 69 0
91 69 29
85 7 0
95 85 27
95 23 0
54 34 50
56 46 20
76 2 55
65 60 0
86 60 7
74 41 62
86 26 0
37 28 2
96 86 0
68 57 35
46 30 16
63 58 0
49 31 0
7 6 0
36 21 23
21 18 0
91 82 0
69 55 0
88 5 0
95 34 0
66 56 2
27 14 0
88 86 44
61 27 0
80 64 27
98 22 0
31 95 96
92 77 64
47 29 8
94 11 27
81 76 77
55 31 22
99 16 82
45 20 0
72 2 0
99 83 63
90 83 47
99 39 10
78 64 49
94 83 91
70 45 24
56 11 0
91 46 10
88 10 39
97 69 0
72 24 31
65 26 51
92 64 0
93 27 48
19 16 0
29 21 0
68 66 59
88 65 42
92 39 69
62 54 1
57 31 26
77 15 41
97 5 79
92 17 20
44 21 36
45 14 6
70 23 24
55 46 0
97 89 45
47 36 20
96 63 0
14 3 0
32 16 0
71 3 0
24 8 0
84 79 0
78 4 0
95 90 0
77 22 67
100 72 12
65 24 46
98 58 0
76 54 54
90 48 76
65 9 0
93 29 77
30 17 7
69 29 0
59 10 9
63 3 41
83 46 5
72 9 0
80 54 77
78 41 4
51 33 18
99 41 31
59 48 20
96 56 76
88 36 0
97 80 89
57 1 20
65 34 0
80 21 61
98 40 83
32 29 0
97 92 0
67 6 56
100 93 12
66 45 8
97 9 79
48 30 9
48 18 0
27 25 0
90 58 54
80 35 71
86 67 64
86 72 49
49 23 15
81 20 8
45 69 68
38 19 0
84 39 81
46 17 0
68 23 0
47 9 0
84 43 0
63 39 0
79 45 35
79 30 3
66 60 0
52 27 0
95 40 57
72 70 0
87 36 52
97 78 63
42 26 12
44 29 2
100 75 71
87 84 67
82 30 77
41 31 0
87 78 18
99 55 39
83 43 65
24 2 16
42 19 31
89 30 0
84 58 69
82 1 0
66 9 0
76 73 14
90 78 0
49 47 0
74 16 15
99 18 48
87 38 74
49 17 38
38 4 5
63 24 6
78 49 69
45 3 14
85 43 33
71 52 38
89 2 0
40 10 0
81 7 20
55 38 0
33 3 20
92 81 45
93 14 58
90 36 26
62 46 21
82 69 77
40 12 0
96 54 79
61 34 0
92 10 54
88 27 27
76 64 75
59 58 16
73 65 37
89 74 26
93 74 47
82 79 21
84 32 0
89 74 0
85 19 5
81 59 0
88 65 33
97 61 80
54 20 33
46 42 42
76 31 0
24 8 0
78 77 16
42 35 0
69 33 59
55 42 14
95 4 80
61 1 15
76 21 21
71 45 0
86 48 0
95 18 47
96 45 0
99 21 27
55 7 33
32 1 12
65 8 57
99 41 82
92 53 71
89 3 0
95 94 78
93 61 37
75 22 30
67 29 19
76 6 38
100 67 0
52 95 94
75 53 56
58 18 46
73 2 46
55 3 28
25 9 12
65 61 53
87 54 36
85 67 39
81 6 43
92 47 67
94 68 60
94 39 82
49 7 10
89 10 21
67 51 21
45 1 0
93 66 0
53 48 32
53 29 45
39 27 3
44 10 11
59 51 53
71 33 37
85 11 70
43 40 0
44 16 11
65 12 16
60 36 51
88 11 0
60 23 42
81 77 0
99 96 11
83 55 0
64 59 13
85 75 55
88 23 0
95 86 0
89 37 14
100 76 4
51 50 26
61 32 47
72 38 0
98 12 0
28 27 0
90 59 0
76 64 55
65 37 0
50 22 0
69 10 40
92 34 30
63 56 44
64 92 92
60 18 0
93 65 72
48 16 0
79 60 57
97 65 19
42 41 33
92 65 1
65 12 11
60 55 0
83 2 79
43 31 17
99 75 35
42 13 31
85 59 0
83 61 9
48 39 7
78 71 14
53 18 0
94 6 0
82 45 5
90 44 59
74 29 39
86 36 22
80 12 79
91 16 85
48 38 19
90 2 0
98 44 37
62 37 9
55 53 40
17 1 2
99 89 22
78 59 66
43 41 0
99 6 78
68 11 0
92 63 62
91 38 37
96 35 0
83 16 74
67 77 76
94 73 0
29 11 0
78 46 0
66 31 0
28 5 17
75 9 7
92 42 71
23 95 96
61 55 0
98 14 0
58 32 0
87 12 0
41 6 0
64 51 40
56 6 29
92 88 68
71 53 0
70 8 0
45 40 0
57 38 55
78 74 0
33 4 0
93 58 0
93 66 65
42 31 22
72 25 71
48 9 6
52 37 20
17 82 83
58 54 0
47 2 28
57 10 0
70 15 15
37 22 8
71 12 67
55 83 84
94 82 73
74 31 0
36 27 23
57 6 0
77 3 0
97 12 11
91 7 0
24 14 0
84 18 25
90 28 0
85 47 39
67 22 52
81 3 54
69 1 0
64 12 54
100 38 18
83 70 26
70 13 0
46 2 0
78 22 74
77 3 7
91 77 0
94 70 50
73 28 32
93 62 0
56 54 0
43 39 24
71 22 25
84 19 65
66 30 0
78 0 16
47 19 0
90 69 42
56 55 0
83 53 71
93 26 36
42 40 0
16 95 96
65 37 26
88 55 63
47 78 79
86 46 0
100 10 75
13 8 0
83 50 20
70 60 6
42 6 0
85 7 0
81 48 44
100 34 0
66 36 63
79 67 0
42 14 40
44 5 30
61 16 19
44 31 0
91 38 32
60 28 49
66 62 0
98 51 0
76 75 64
50 46 29
35 24 0
92 30 53
79 13 19
96 83 83
83 39 39
63 87 86
23 6 17
96 88 15
99 79 0
92 5 0
56 26 0
53 6 0
90 79 0
49 8 27
97 59 33
53 41 0
90 44 79
79 61 0
91 65 0
66 57 20
64 34 50
15 5 0
44 46 47
55 45 6
91 73 77
53 35 0
18 3 0
89 42 12
87 82 33
88 14 80
76 13 41
65 12 22
83 39 61
78 55 67
91 47 11
79 23 48
53 34 0
66 34 13
44 38 28
100 53 44
96 3 14
83 10 19
87 0 56
98 13 95
80 55 59
73 15 32
76 18 0
90 24 0
73 34 0
97 14 78
52 49 0
86 49 0
89 75 4
37 7 0
89 85 0
46 80 81
93 16 39
87 11 80
96 60 62
100 70 0
87 81 0
54 41 13
77 25 0
87 8 0
70 36 47
93 88 52
22 2 14
81 3 0
95 74 0
98 68 89
90 15 0
96 15 93
38 32 12
87 23 28
84 38 41
96 51 87
63 23 36
42 0 15
30 5 0
100 20 66
16 10 6
33 6 6
61 42 21
76 25 45
40 39 0
68 57 56
84 1 53
89 34 0
63 13 0
70 40 0
100 33 14
60 18 21
100 21 0
27 1 20
14 9 0
100 23 0
98 65 64
46 18 0
75 17 57
85 74 0
24 95 94
90 0 2
78 18 51
49 4 0
71 19 37
16 9 0
88 69 49
60 21 0
45 36 30
94 59 0
62 12 0
36 22 28
85 64 16
84 32 3
87 82 78
45 36 0
79 16 14
86 29 68
78 69 0
77 12 57
60 6 18
95 24 75
45 15 0
76 6 34
90 34 65
89 39 0
88 33 83
86 33 0
98 66 75
100 34 30
91 42 25
64 18 46
80 55 0
65 42 32
62 16 0
82 75 20
36 28 10
60 25 11
68 25 34
64 29 34
85 24 45
49 32 0
86 9 0
91 60 0
75 1 47
76 44 0
99 50 11
64 43 3
79 4 71
75 0 68
85 31 0
82 45 18
97 7 42
93 42 10
91 55 89
100 69 82
64 1 22
92 34 82
92 49 0
65 4 0
88 12 70
92 89 34
60 45 0
31 18 0
88 8 0
77 74 16
22 21 9
95 85 0
86 54 39
41 36 8
79 15 0
98 74 87
28 3 15
98 20 0
99 90 82
94 44 3
90 73 1
100 64 0
97 36 0
85 12 0
54 7 0
82 25 0
18 11 0
58 47 0
77 5 28
56 53 11
36 16 14
87 22 0
36 31 12
79 54 23
49 7 0
88 76 6
43 24 26
94 63 44
33 4 0
93 18 0
83 49 0
34 39 39
73 5 4
22 90 91
21 16 9
63 58 45
68 2 0
91 45 47
74 28 0
50 45 4
97 35 90
78 66 58
87 60 0
35 21 26
75 66 6
90 58 64
94 63 55
72 34 26
93 31 75
65 78 79
88 47 0
8 31 30
78 51 0
76 8 7
68 16 0
61 46 45
78 60 0
100 63 64
85 61 75
89 57 0
90 48 0
42 14 41
89 2 40
68 62 0
5 61 62
92 68 23
83 55 0
62 39 60
76 67 47
90 9 16
91 5 4
98 67 0
19 17 2
53 42 0
72 27 64
96 47 48
77 25 75
99 21 0
88 63 71
64 39 50
19 14 0
74 1 55
100 35 27
80 18 62
86 15 65
99 54 22
43 15 4
9 50 50
60 59 14
22 6 0
47 34 0
56 51 53
45 4 0
98 40 57
84 72 0
95 52 28
45 38 0
100 97 36
77 35 54
72 34 0
98 83 0
48 34 14
31 22 0
50 7 3
86 26 48
98 70 18
77 24 0
38 28 0
37 32 0
48 15 0
42 40 0
77 59 0
92 22 64
94 75 0
95 50 0
100 44 98
97 6 47
95 3 64
73 53 0
77 1 39
100 62 38
85 24 45
50 25 0
67 18 35
72 27 45
85 26 0
75 69 63
51 33 42
54 6 0
73 16 5
92 45 0
58 33 3
95 22 58
88 50 28
83 25 0
89 61 27
53 38 22
84 68 76
88 64 3
95 47 89
44 9 0
89 40 1
100 94 99
90 61 0
88 64 0
42 29 0
77 58 17
96 35 42
79 39 0
68 40 0
43 32 0
46 1 6
92 29 87
94 83 0
79 40 71
79 22 28
94 39 37
79 58 0
49 5 14
50 11 0
94 74 33
70 43 0
76 35 0
55 24 0
97 19 83
54 29 44
66 1 27
91 21 89
58 21 51
75 62 31
41 6 29
35 15 34
66 63 42
68 34 0
99 61 78
97 81 94
100 52 57
95 27 15
51 11 0
61 39 0
57 26 0
42 36 5
9 1 0
79 37 0
76 71 4
56 36 0
85 58 5
80 42 30
84 4 82
75 0 58
36 30 0
89 39 76
66 58 13
74 31 9
68 9 12
90 45 70
57 17 7
8 97 98
70 9 0
89 25 74
84 16 38
84 66 12
85 75 9
95 53 16
98 73 44
25 21 0
49 44 0
91 74 33
78 76 0
74 52 72
84 41 79
100 50 0
48 34 39
100 40 30
76 1 21
43 35 0
55 37 32
71 53 53
34 25 0
93 13 16
88 52 12
10 5 4
57 19 44
70 55 5
91 0 89
14 3 0
76 16 39
58 50 43
69 24 23
87 7 42
98 9 91
44 35 0
84 75 0
61 4 50
97 76 39
77 71 36
51 11 0
47 38 0
71 35 40
62 25 15
62 41 16
9 22 22
64 11 0
70 49 0
99 54 0
63 4 19
100 4 17
77 17 42
97 11 0
49 18 0
91 80 0
79 64 28
42 17 0
76 5 45
89 8 0
58 36 46
62 35 6
56 2 0
47 35 0
78 42 0
48 45 0
98 95 69
100 42 0
100 30 22
99 63 96
87 30 26
80 49 46
57 3 47
61 23 28
55 4 0
80 49 0
53 15 20
67 12 25
85 57 4
75 69 17
95 26 50
24 7 19
69 13 53
98 10 0
66 35 0
61 18 30
95 13 39
75 19 32
53 35 0
43 42 34
58 37 3
61 47 0
90 25 43
79 73 0
39 5 6
57 19 46
85 3 0
22 12 0
79 43 0
49 13 1
68 46 47
86 30 0
73 20 52
26 5 0
51 23 0
90 83 80
94 78 63
96 45 13
13 6 0
24 12 0
43 14 0
53 23 6
47 4 2
78 26 15
84 16 64
100 16 40
77 41 40
62 1 60
82 42 0
22 15 0
65 59 0
49 17 15
56 51 0
84 68 0
55 43 35
24 0 17
40 34 0
95 94 82
85 29 65
42 37 0
40 23 0
63 16 0
83 16 73
80 18 31
87 19 0
75 96 96
97 88 78
35 21 0
96 29 48
93 59 9
94 12 18
57 5 20
59 9 38
79 12 17
97 98 99
51 32 23
60 53 30
63 20 46
97 3 49
66 32 32
60 5 0
99 2 0
85 12 49
72 69 2
79 75 41
100 46 0
76 8 0
94 32 37
66 10 5
46 17 45
38 4 7
97 28 30
70 34 0
79 58 26
83 55 29
40 3 20
41 35 0
65 9 49
83 40 30
33 32 0
41 35 16
56 34 0
2 64 65
84 1 63
29 17 16
35 21 0
38 14 0
77 50 0
99 15 49
36 26 28
87 37 0
6 74 75
52 11 1
97 66 90
68 26 18
34 23 9
99 72 97
10 17 18
63 54 3
32 21 30
72 30 12
87 20 20
95 82 81
90 63 0
67 16 0
88 4 77
43 21 0
61 46 28
79 56 43
100 63 23
99 90 26
52 29 50
54 29 32
19 1 12
86 64 18
90 10 36
93 8 65
73 59 69
65 70 69
64 11 0
82 42 81
99 33 43
49 78 79
82 63 0
88 77 86
91 75 71
47 13 4
59 3 0
96 12 39
93 52 66
69 47 39
98 85 79
90 61 0
65 15 0
56 44 44
49 7 0
83 63 6
88 1 75
53 43 0
74 3 52
97 39 51
90 50 74
59 25 4
98 20 57
72 48 0
81 42 0
79 13 0
66 5 0
92 70 78
51 13 0
69 22 62
83 69 58
56 45 0
88 8 46
90 39 84
89 71 65
94 7 46
72 49 0
55 88 87
93 13 18
50 20 0
69 51 43
99 43 74
52 23 32
96 91 84
87 38 0
99 66 69
34 24 26
95 89 0
31 24 1
4 73 74
91 81 46
100 30 25
64 11 27
84 4 62
95 32 0
96 2 45
66 18 16
57 54 0
92 29 62
5 74 75
96 74 0
95 84 42
40 26 0
100 58 67
67 47 0
63 48 5
68 7 0
90 6 51
60 32 38
22 38 37
68 12 31
53 6 0
82 3 45
90 3 27
86 74 9
65 18 0
52 36 0
81 78 80
97 35 85
79 46 52
19 1 0
100 72 23
98 51 44
48 32 0
44 23 24
99 59 6
98 15 43
26 14 0
57 49 0
81 3 22
97 74 0
83 53 0
84 64 77
96 35 0
85 75 82
97 35 36
2 37 36
99 3 61
84 11 52
13 10 0
70 32 51
12 11 0
74 27 31
24 16 15
92 1 0
47 5 0
77 13 0
62 27 50
61 3 0
92 21 33
61 9 0
96 65 82
92 12 18
33 31 13
77 40 44
66 61 12
93 63 1
57 19 0
92 87 0
47 95 96
59 16 0
85 55 21
95 14 32
40 29 0
68 9 18
93 41 66
98 92 62
41 33 0
91 27 67
63 2 9
73 2 0
83 79 29
93 6 80
42 15 0
71 49 0
76 11 11
94 54 21
81 55 30
99 30 9
82 11 0
86 66 42
97 78 42
97 60 0
94 9 27
79 17 0
75 26 0
15 5 0
78 37 48
97 67 80
31 30 0
66 3 32
62 3 52
41 4 0
41 18 39
82 50 0
77 32 28
18 13 7
85 17 44
79 31 41
85 4 2
85 81 41
76 69 73
20 89 90
78 27 38
51 62 61
93 25 89
37 11 30
41 24 0
97 9 0
72 35 0
100 35 13
37 22 16
86 30 0
74 33 0
97 77 87
100 33 79
86 61 2
69 12 0
88 48 3
52 6 10
44 13 39
63 8 46
93 0 0
54 11 21
89 82 0
93 10 1
71 67 26
58 26 48
75 21 68
81 1 0
84 31 38
33 28 0
43 19 12
80 19 26
77 1 16
34 1 19
93 61 45
81 11 1
63 47 0
81 15 37
70 57 50
62 2 0
76 97 97
88 76 0
65 62 0
77 36 0
70 15 10
64 63 0
79 60 62
91 6 14
23 34 34
32 28 0
75 43 0
59 18 0
82 25 6
73 22 0
68 51 30
81 35 0
88 39 84
71 12 57
95 51 26
70 58 13
5 16 17
45 11 0
82 12 0
53 1 21
70 29 19
6 12 13
31 9 0
82 69 0
92 35 19
97 3 0
100 96 26
50 5 21
96 81 0
70 49 59
32 98 99
34 29 0
22 13 16
96 86 87
95 31 34
69 35 0
80 3 0
80 4 0
97 65 0
17 0 1
100 85 24
91 13 33
70 67 58
85 19 71
50 3 39
76 15 53
90 45 12
78 44 19
52 47 0
47 25 41
92 72 30
66 65 0
90 27 72
77 35 16
85 30 20
45 19 40
91 76 0
63 11 0
45 33 34
84 11 0
79 9 0
84 11 27
100 45 0
83 43 58
60 9 40
83 13 10
97 5 0
85 21 22
49 6 8
73 71 21
71 61 25
62 60 31
48 15 0
41 10 30
63 51 27
98 20 0
15 2 0
11 10 0
97 47 0
60 40 0
85 18 24
77 74 23
90 49 78
7 3 0
55 5 46
66 57 14
96 51 88
70 50 19
27 15 21
71 63 0
96 52 9
66 25 0
55 21 0
36 12 26
86 40 44
77 68 46
74 58 0
69 55 10
70 32 67
72 36 27
68 7 24
99 58 37
77 58 0
90 24 35
92 37 0
79 68 26
85 0 78
85 17 0
74 18 37
9 2 7
93 78 0
28 19 21
42 32 0
97 51 92
55 20 33
57 20 43
71 11 0
82 41 26
50 59 58
93 41 69
15 82 82
60 26 13
97 74 87
58 53 1
100 69 60
84 17 50
62 26 4
62 20 15
43 37 34
84 23 6
51 29 4
71 7 0
98 87 47
42 10 0
59 47 58
49 38 37
62 46 24
58 18 0
58 2 57
85 7 0
54 34 0
79 39 0
95 72 91
71 6 15
42 35 40
29 10 2
94 83 0
88 20 38
87 82 50
52 3 41
73 34 0
54 18 20
77 73 64
89 73 33
84 34 72
83 36 18
93 82 59
95 29 52
55 40 41
76 12 48
82 28 0
50 7 0
65 12 22
45 11 41
87 85 29
66 46 0
76 8 75
72 54 0
86 56 12
88 9 62
55 52 42
98 36 91
62 23 0
1 1 0
100 30 0
56 21 0
74 10 27
90 85 20
70 68 0
59 24 0
20 16 19
78 51 0
69 56 57
43 33 37
80 62 53
82 26 0
36 5 27
61 47 16
8 22 22
59 21 25
33 0 0
25 14 2
83 40 0
79 65 22
92 76 82
97 75 70
98 70 0
50 23 28
100 98 35
15 4 0
77 76 37
87 42 0
32 19 7
89 45 31
96 27 50
56 14 9
57 5 0
35 13 28
25 73 74
65 47 26
74 44 33
83 66 74
56 11 0
85 10 0
89 48 65
96 44 11
80 35 0
89 37 85
39 30 0
95 7 6
72 14 0
58 38 6
91 56 0
52 18 15
99 65 8
36 25 3
58 8 0
87 11 78
58 13 0
42 26 12
100 75 42
5 46 47
78 10 0
81 10 70
26 19 21
42 41 5
50 69 68
23 8 0
94 73 55
54 53 31
100 81 45
68 59 8
97 43 0
43 14 0
57 24 0
82 59 0
76 4 20
90 63 0
73 41 33
86 62 55
65 10 15
37 26 0
34 4 25
68 5 16
98 24 96
98 52 71
88 75 42
55 30 18
91 15 48
65 30 39
97 72 0
96 64 58
99 49 0
59 42 51
71 58 49
93 45 79
96 22 42
86 31 85
87 53 27
68 28 22
84 34 11
93 65 45
58 13 44
93 34 0
88 13 24
99 82 77
93 58 0
83 64 18
70 52 0
96 7 0
35 85 86
46 14 0
81 0 46
97 25 37
16 14 0
43 28 0
68 27 28
95 70 28
65 19 50
95 52 0
42 30 0
95 86 89
84 6 0
4 11 10
98 41 0
57 21 7
76 66 72
89 74 70
100 42 74
94 71 32
47 1 12
32 25 0
56 30 46
12 68 67
90 8 8
79 66 0
93 31 9
88 36 0
91 56 0
51 0 0
8 1 0
61 9 0
60 79 80
99 22 85
62 58 25
80 78 4
90 71 39
37 5 2
48 6 27
58 5 0
99 81 0
79 78 9
60 56 0
33 11 0
94 2 50
85 19 44
85 92 91
73 52 0
35 32 1
67 2 66
91 31 62
79 0 14
51 10 0
61 45 34
5 79 79
80 36 2
79 52 71
99 30 72
54 44 46
62 43 0
69 57 11
86 40 18
89 80 1
80 34 78
55 19 0
73 55 72
65 22 18
58 42 0
80 57 54
94 64 88
82 48 0
72 7 41
93 82 28
86 79 33
21 19 0
99 81 11
63 51 0
96 10 79
39 36 0
37 10 22
70 58 21
90 77 0
82 39 0
78 61 0
45 27 38
53 42 0
90 37 31
98 55 0
94 20 85
96 45 0
24 16 0
51 23 24
76 71 14
97 85 86
48 30 0
48 1 47
100 34 24
57 53 12
65 7 29
28 4 12
81 58 28
92 83 37
92 70 89
85 44 34
99 25 70
65 15 62
93 26 60
87 44 44
67 19 0
58 28 10
67 59 11
89 17 29
77 63 0
80 61 16
95 79 57
83 75 41
100 10 54
95 71 21
97 26 32
100 36 93
45 32 16
84 42 54
89 56 69
74 71 30
98 62 9
36 9 22
87 81 0
86 18 41
81 14 0
92 90 51
52 51 4
89 29 8
55 52 30
97 60 0
73 67 0
99 18 74
86 72 63
98 20 0
25 12 14
84 29 15
45 1 0
96 79 0
48 35 2
38 4 0
95 75 0
74 19 56
99 19 16
78 56 17
95 48 0
60 14 14
26 22 0
38 17 0
71 51 57
99 52 60
72 47 29
94 22 0
74 53 17
65 51 48
99 8 0
53 43 0
79 28 71
90 50 12
73 58 61
99 69 67
65 16 0
48 46 10
93 7 41
75 18 42
54 10 0
92 2 9
87 4 42
30 0 11
74 9 58
73 35 0
29 26 8
73 3 53
89 35 0
98 92 20
94 37 81
85 66 56
19 92 93
34 26 0
71 18 1
66 14 50
93 4 73
68 15 35
31 24 5
95 15 74
77 22 24
41 23 29
80 59 27
56 49 51
62 56 0
43 77 78
91 41 82
99 97 81
39 19 0
92 9 21
97 26 22
96 18 0
67 12 64
86 26 4
99 22 42
67 57 0
93 43 56
77 67 0
86 55 0
76 69 0
44 18 7
78 74 0
87 47 72
97 57 93
73 8 24
59 17 0
97 70 65
28 3 0
76 14 46
88 80 0
64 30 38
73 33 36
76 16 0
70 20 8
86 16 0
90 6 0
30 14 21
53 69 70
22 20 20
79 18 50
47 20 27
84 29 0
84 42 72
87 64 11
92 78 5
66 26 57
73 32 0
45 41 0
96 85 0
44 5 0
60 17 52
61 22 1
56 2 0
37 33 3
40 17 0
55 51 42
74 57 39
74 6 55
73 52 10
90 88 60
74 27 28
72 13 0
92 34 0
80 68 0
66 26 15
70 8 0
67 59 65
73 30 27
86 35 73
56 46 0
99 25 0
95 53 75
92 3 0
60 15 15
79 27 38
42 10 4
70 11 0
98 3 4
70 47 47
97 39 90
21 8 0
49 19 25
68 58 0
98 79 62
68 31 46
100 91 0
95 43 0
97 0 96
86 84 0
56 11 33
99 81 3
89 32 11
21 14 10
98 64 40
60 0 0
48 8 35
43 18 0
61 11 19
64 48 46
59 36 2
96 90 76
87 73 42
76 42 4
94 77 90
49 23 0
95 15 41
96 69 12
18 99 100
99 28 8
55 17 0
85 36 36
95 29 91
4 2 0
42 37 0
22 1 15
72 59 61
100 51 53
87 14 56
59 52 49
99 10 19
48 42 45
87 11 32
78 58 0
85 9 72
72 62 29
97 48 39
43 10 7
67 18 16
51 4 21
78 5 44
57 42 0
100 20 14
91 78 8
95 15 41
43 32 9
74 15 66
74 46 0
71 1 4
48 7 0
65 10 3
28 48 47
98 74 62
97 18 25
95 64 16
82 22 79
80 71 0
93 38 39
50 40 48
61 42 44
81 52 0
96 4 71
24 98 97
92 58 45
89 16 0
63 8 0
100 24 92
65 57 40
83 80 71
91 84 23
96 88 8
30 14 0
60 33 0
77 41 0
31 22 16
18 6 9
83 30 29
66 36 0
94 22 23
80 67 24
60 59 22
100 9 6
47 21 0
62 14 0
68 42 0
68 14 44
91 20 72
73 72 0
42 22 0
86 35 48
97 25 66
95 81 0
89 28 44
94 4 41
33 7 0
84 35 1
80 46 0
88 47 0
98 49 0
76 25 37
75 22 54
53 5 24
70 11 0
72 22 60
70 18 0
98 96 81
95 4 37
64 30 0
45 44 5
87 23 64
89 25 37
89 24 35
82 8 0
79 22 13
98 33 43
51 15 41
91 82 0
82 72 81
95 51 64
82 13 0
73 40 62
86 57 0
72 3 17
81 78 43
87 24 0
52 49 0
96 26 87
79 21 0
73 37 56
82 31 73
8 3 0
82 16 15
95 33 5
37 22 8
66 40 0
55 44 0
58 2 53
58 32 0
85 75 19
14 6 0
27 22 0
84 43 0
87 61 0
32 27 0
81 45 20
93 91 65
31 25 17
51 16 0
86 44 85
32 17 0
90 25 0
58 34 0
86 19 49
83 81 53
94 27 64
80 61 45
88 85 0
64 91 90
79 78 2
98 74 0
82 66 13
43 41 11
58 23 48
73 30 68
93 83 0
11 9 0
100 73 0
53 1 39
52 0 0
82 76 14
90 18 79
81 8 65
80 66 58
100 78 0
43 15 0
86 40 36
52 9 0
84 5 42
11 6 0
32 5 31
97 15 0
100 25 26
84 15 0
100 66 39
98 80 96
92 61 42
68 41 49
33 9 23
99 77 0
37 27 31
91 15 81
89 42 22
83 67 60
45 3 0
46 36 13
44 18 0
67 46 28
75 42 0
77 21 0
65 58 62
86 26 48
93 84 4
89 86 56
94 89 14
93 50 15
94 84 0
90 47 50
48 22 5
96 87 0
78 12 0
100 62 25
13 85 86
78 12 48
98 29 18
97 27 55
53 44 25
94 50 15
36 5 0
24 22 0
60 50 0
82 34 39
89 82 39
14 8 0
100 9 0
49 43 17
99 49 0
68 5 59
49 33 38
76 19 0
94 5 49
94 47 19
51 17 14
98 20 0
48 19 13
23 4 21
64 52 43
94 43 0
68 1 13
81 38 57
98 12 73
93 32 58
42 41 0
94 80 0
20 18 6
35 81 82
63 1 24
82 49 0
92 34 84
21 4 0
41 17 0
41 11 13
